343
319
348
363
366
341
286
315
333
319
387
358
338
312
381
312
336
342
356
294
310
328
333
315
343
309
348
353
299
323
344
339
325
329
302
367
318
371
347
331
349
359
340
351
315
345
364
326
341
388
375
306
287
335
386
321
285
309
314
342
310
341
346
316
287
356
337
316
310
312
310
347
326
341
348
331
322
280
372
323
310
328
378
366
326
301
342
326
311
325
326
287
326
305
307
348
370
300
319
346
312
351
289
359
348
338
319
326
309
330
327
351
299
347
329
318
320
287
376
312
339
350
339
326
309
373
331
351
307
363
328
315
317
291
388
387
336
339
369
346
321
376
361
305
388
311
392
307
318
333
298
330
314
392
314
337
372
313
285
336
340
298
310
322
363
282
311
285
354
278
315
331
356
333
363
329
308
352
316
357
365
331
336
349
339
330
306
339
313
354
338
308
335
280
340
317
311
335
348
325
325
338
321
339
318
336
321
339
328
351
352
326
306
357
354
350
306
317
297
342
382
329
293
345
368
321
266
371
332
313
314
299
337
316
367
336
299
340
317
352
347
291
355
341
282
367
350
364
348
361
355
296
345
309
306
360
332
328
337
328
375
325
388
334
340
347
311
317
316
318
314
337
320
337
312
310
342
331
285
356
358
378
342
303
368
308
329
357
351
322
346
349
307
318
292
329
368
342
323
309
331
308
332
306
306
329
305
307
337
345
335
318
358
324
300
347
312
372
371
337
312
304
318
333
321
324
335
292
327
307
306
287
299
348
353
367
294
296
369
353
375
324
312
337
329
345
300
291
308
346
312
324
316
247
301
338
298
299
366
361
349
328
313
373
332
371
323
317
421
342
337
305
318
324
330
300
310
387
301
382
351
316
355
313
342
297
359
329
326
333
321
326
359
338
345
365
367
371
365
302
311
317
292
337
344
326
319
347
339
385
273
357
304
314
344
323
430
344
285
382
322
349
306
355
347
322
325
324
343
357
328
364
308
299
363
353
371
319
271
325
373
359
387
336
331
300
295
294
339
305
320
307
330
352
330
289
314
327
356
353
333
291
335
300
308
354
335
321
381
319
338
361
362
327
316
316
311
325
327
360
368
321
295
310
299
347
333
337
348
363
358
363
328
404
346
296
325
345
370
350
317
339
283
320
384
327
306
355
365
325
375
318
336
387
330
327
361
381
326
327
308
330
324
324
313
372
316
303
312
308
303
326
344
323
300
305
357
338
289
328
377
346
355
357
339
327
350
327
312
332
344
299
340
326
337
339
314
337
359
323
347
308
280
328
329
381
324
325
312
318
330
294
312
313
264
340
324
308
305
307
316
313
332
313
331
328
365
282
284
319
305
277
359
321
363
338
321
365
344
354
329
303
306
303
322
322
379
388
322
378
332
347
324
280
334
365
300
370
417
288
304
350
313
336
365
293
344
362
310
365
296
332
350
325
325
368
342
332
315
331
335
314
332
270
351
355
301
286
328
301
338
353
294
347
414
376
304
309
355
341
301
310
352
316
331
303
346
327
345
310
310
317
316
331
309
366
322
347
331
307
364
359
288
307
323
382
309
324
339
326
314
352
312
343
376
308
333
321
377
381
301
325
265
306
369
335
342
308
316
315
286
385
311
321
351
336
348
316
337
297
351
353
351
329
292
342
325
343
321
360
336
303
368
334
359
349
335
332
345
339
334
373
326
331
399
335
315
346
335
326
375
312
345
354
380
328
342
325
303
261
344
381
365
333
333
321
322
309
321
343
306
333
334
304
368
344
309
303
294
359
308
346
319
353
358
311
341
350
344
296
328
366
327
315
337
320
353
363
391
320
329
329
291
309
354
312
362
290
373
365
340
349
339
365
310
327
343
351
278
334
330
359
286
357
387
315
306
272
349
359
303
365
340
309
350
337
357
330
355
334
371
320
347
337
297
367
343
307
332
358
357
360
351
347
278
309
300
310
314
326
309
421
338
394
291
317
342
354
358
330
269
352
334
317
325
330
333
345
337
316
326
352
353
276
353
376
342
343
327
355
291
350
337
358
325
323
351
329
314
324
367
348
296
316
338
322
318
338
340
380
339
352
326
318
305
297
350
351
259
312
310
323
356
268
304
343
370
306
319
360
307
300
293
340
350
404
316
375
314
327
315
366
352
333
312
300
304
389
355
357
353
322
309
351
300
335
309
348
326
332
327
321
327
324
326
354
346
375
365
322
305
322
312
302
364
361
347
306
330
320
314
312
321
346
309
326
319
324
326
297
341
334
277
321
378
300
299
353
338
328
308
350
297
330
335
295
320
350
335
304
369
320
288
341
354
298
318
315
349
276
293
309
324
312
310
334
336
296
398
341
319
336
324
390
293
299
367
309
345
343
383
303
329
301
294
334
303
353
295
304
336
348
321
356
297
335
326
272
338
310
356
301
308
310
305
351
326
309
355
320
360
344
318
314
315
330
293
389
360
306
338
322
296
307
307
330
315
342
365
353
308
295
341
290
276
386
374
363
308
316
332
294
300
314
301
316
369
318
346
331
308
324
329
372
306
376
376
356
340
349
322
402
307
288
321
307
321
269
378
379
317
339
270
345
330
369
323
324
340
358
310
358
350
333
339
320
325
362
313
294
312
351
373
347
315
289
349
320
357
296
319
318
405
327
321
348
384
333
266
339
329
350
369
342
339
336
315
298
318
292
300
349
316
335
316
351
345
334
317
343
325
320
314
294
322
286
359
302
335
374
310
322
363
347
331
387
329
312
329
342
364
362
345
338
309
288
370
343
346
335
315
317
252
315
299
314
341
292
340
322
325
328
289
346
350
334
353
328
323
303
323
323
354
351
316
334
343
324
303
317
317
331
346
353
328
299
347
324
329
348
384
335
306
300
304
335
364
331
318
366
301
284
335
354
338
333
289
318
352
348
316
329
351
348
307
362
339
327
330
302
355
316
332
304
329
325
346
308
362
344
346
355
307
309
310
311
342
299
348
285
311
369
328
370
326
320
297
358
330
353
331
317
351
378
331
311
319
354
366
290
318
389
346
300
293
362
312
292
290
329
314
329
376
322
347
330
349
312
291
322
310
366
305
332
314
342
334
317
356
277
371
303
329
268
322
333
339
338
319
318
322
282
291
344
334
292
345
364
341
340
334
350
338
326
341
357
305
335
344
301
398
294
306
393
312
351
315
281
305
361
364
347
363
304
305
366
335
329
328
340
326
334
332
296
359
303
319
328
336
327
356
325
371
399
324
317
304
386
343
344
315
330
317
414
322
335
290
338
371
297
302
315
308
317
306
343
318
330
338
423
343
356
272
315
359
317
354
347
367
328
293
367
322
347
331
326
273
335
346
348
372
353
314
368
339
317
330
318
311
329
336
341
292
341
318
332
327
344
308
328
308
317
283
369
324
334
299
342
392
401
348
339
356
354
381
377
322
305
291
343
368
318
306
336
344
328
350
381
321
272
308
328
347
345
311
326
300
354
341
367
309
355
304
348
338
331
330
281
304
321
356
328
310
350
367
293
326
332
387
399
355
304
338
341
341
331
298
259
311
344
281
320
296
336
314
369
397
334
303
352
312
340
283
311
356
267
316
267
339
345
317
319
309
300
330
349
332
315
383
341
375
332
340
333
319
290
330
310
314
332
333
320
307
344
309
355
322
333
311
353
336
292
292
321
323
306
332
293
342
319
354
340
311
341
288
347
395
328
316
313
333
346
294
314
306
339
371
332
346
320
316
315
366
346
395
279
350
343
322
393
261
364
366
369
295
291
314
334
287
304
393
351
285
347
386
255
330
320
306
341
282
390
322
346
349
341
311
319
301
349
372
323
306
343
319
295
320
375
272
386
310
329
335
334
349
304
344
317
316
328
339
336
335
331
345
337
329
376
327
335
328
339
338
307
300
299
319
333
290
321
335
279
326
338
364
312
371
320
294
305
283
290
304
347
309
316
290
363
337
342
291
296
277
329
391
360
321
305
374
335
345
331
338
290
356
284
320
361
316
333
308
348
365
365
353
360
350
337
291
295
358
306
313
340
344
342
307
317
337
335
310
366
311
309
354
350
344
279
314
351
305
350
323
333
301
401
331
311
339
301
293
356
372
321
328
319
327
315
359
259
315
354
317
343
297
368
303
341
320
335
326
298
331
362
308
316
320
278
295
324
363
311
311
314
339
315
350
308
323
319
341
294
302
327
360
355
308
327
339
384
345
249
344
350
292
